x =[[1, 1], [1, 0], [0, 1], [0, 0]]
y =[1, 0, 0, 1]
H1.bias =[[1.7057853874837774], [2.506686120149183]]
H1.weight =[[-3.3412016651642196, 3.5133024948114864], [4.671564914254855, -4.571666962977884]]
O.bias =[[-10.52841358350336]]
O.weight =[[7.428094214468859, 7.0972491709873955]]